70 303 Świnoujście 40948
584 150 Słupsk 89780
317 229 Kołobrzeg 46198
429 230 Koszalin 106235
552 111 Ustka 15199
861 143 Gdynia 244969
864 157 Sopot 35286
882 189 Gdańsk 470805
1015 250 Elbląg 118582
1217 360 Olsztyn 171249
1666 252 Suwałki 69639
1523 540 Łomża 62573
1721 550 Białystok 296958
1422 579 Ostrołęka 51656
1249 645 Ciechanów 43883
1330 843 Warszawa 1794166
1571 858 Siedlce 77813
1732 893 Biała_Podlaska 56498
1639 1143 Lublin 338586
1823 1165 Chełm 61135
1076 752 Płock 118268
1163 936 Skierniewice 47655
1033 1002 Łódź 672185
894 1050 Sieradz 41390
1076 1110 Piotrków_Trybunalski 72250
767 1002 Kalisz 99106
804 861 Konin 72539
476 964 Leszno 62854
906 269 Tczew 59430
756 565 Bydgoszcz 344091
871 607 Toruń 198613
955 726 Włocławek 108561
530 788 Poznań 532048
230 678 Gorzów_Wielkopolski 122589
120 459 Szczecin 398255
272 926 Zielona_Góra 140892
382 1017 Głogów 66120
512 558 Piła 72527
1361 1102 Radom 209296
1782 1597 Zamość 62785
1476 1359 Tarnobrzeg 46360
1543 1520 Rzeszów 197863
1700 1599 Przemyśl 59779
1500 1640 Krosno 45948
1261 1274 Kielce 193415
967 1299 Częstochowa 217530
736 1339 Opole 127839
915 1434 Bytom 163255
880 1455 Gliwice 177049
947 1464 Katowice 290553
1126 1521 Kraków 779966
1338 1540 Tarnów 107498
1287 1663 Nowy_Sącz 83558
951 1606 Bielsko-Biała 169756
558 1200 Wrocław 641928
412 1299 Wałbrzych 109971
299 1253 Jelenia_Góra 78335
391 1170 Legnica 98436